1485795303831	99.505	15
1485795303832	100.32	8
1485795303832	100.32	13
1485795303832	100.32	1
1485795303832	99.51	18
1485795303832	100.865	17
1485795303832	99.63	17
1485795303832	99.175	2
1485795303832	99.175	5
1485795303832	99.745	4
1485795303832	99.685	3
1485795303832	99.675	7
1485795303832	99.745	8
1485795303832	99.745	13
1485795303832	100.355	5
1485795303832	99.255	8
1485795303832	99.255	6
1485795303833	99.85	9
1485795303833	100.355	12
1485795303833	99.675	9
1485795303833	99.675	7
1485795303833	99.595	5
1485795303833	99.785	16
1485795303833	99.785	8
1485795303833	99.785	17
1485795303833	99.985	12
1485795303833	99.595	5
1485795303833	99.445	8
1485795303833	99.535	8
1485795303833	99.45	1
1485795303833	99.985	3
1485795303833	100.215	17
1485795303834	100.355	3
1485795303834	99.45	18
1485795303834	99.445	10
1485795303834	99.43	1
1485795303834	99.07	10
1485795303834	99.43	14
1485795303834	99.995	12
1485795303834	99.43	10
1485795303836	99.425	14
1485795303836	99.565	27
1485795303836	99.565	2
1485795303836	99.655	12
1485795303837	99.655	7
1485795303837	99.995	9
1485795303837	100.175	9
1485795303838	100.355	4
1485795303838	100.46	3
1485795303838	99.755	19
1485795303839	99.755	8
1485795303839	99.185	17
1485795303840	99.895	4
1485795303840	99.655	3
1485795303840	99.485	22
1485795303840	99.95	6
1485795303840	99.95	8
1485795303840	100.065	8
1485795303840	99.655	21
1485795303840	100.065	11
1485795303840	100.295	4
1485795303840	99.945	8
1485795303841	100.295	4
1485795303841	100.425	6
1485795303841	100.425	17
1485795303841	100.46	2
1485795303841	100.53	6
1485795303841	100.53	6
1485795303841	100.635	8
1485795303841	100.635	19
1485795303841	100.68	8
1485795303841	100.22	2
1485795303841	99.115	6
1485795303841	99.115	5
1485795303841	99.55	8
1485795303841	99.55	16
1485795303841	99.575	1
1485795303841	99.91	1
1485795303841	99.89	19
1485795303841	99.585	5
1485795303841	100.34	12
1485795303841	99.53	14
1485795303842	100.34	7
1485795303842	99.71	4
1485795303842	99.585	9
1485795303842	99.765	18
1485795303842	99.765	4
1485795303842	100.07	11
1485795303842	100.34	1
1485795303842	100.45	10
1485795303842	100.15	22
1485795303842	99.585	4
1485795303842	99.585	3
1485795303842	99.585	1
1485795303842	99.54	5
1485795303843	99.54	12
1485795303843	99.895	7
1485795303843	99.59	12
1485795303843	99.565	10
1485795303843	99.59	4
1485795303843	99.565	9
1485795303843	100.125	22
1485795303843	100.235	13
1485795303843	100.045	1
1485795303843	100.045	16
1485795303843	100.235	2
1485795303843	99.275	9
1485795303844	99.275	3
1485795303844	99.62	1
1485795303844	99.605	9
1485795303845	99.605	8
1485795303845	99.605	4
1485795303845	99.92	9
1485795303845	99.92	14
1485795303845	99.92	6
1485795303845	99.97	11
1485795303845	99.465	7
1485795303845	99.97	9
1485795303845	99.97	9
1485795303845	100.025	6
1485795303845	100.235	2
1485795303846	100.235	4
1485795303846	100.25	15
1485795303846	100.26	8
1485795303846	99.06	5
1485795303846	100.145	19
1485795303846	100.26	8
1485795303846	99.63	9
1485795303846	99.55	8
1485795303846	99.55	10
1485795303846	99.385	11
1485795303847	100.115	3
1485795303847	100.115	14
1485795303847	100.095	3
1485795303847	100.095	11
1485795303847	100.18	6
1485795303847	99.28	21
1485795303847	100.095	2
1485795303847	99.76	1
1485795303847	99.76	10
1485795303847	100.26	10
1485795303847	100.005	22
1485795303848	99.76	8
1485795303848	99.665	7
1485795303848	99.575	19
1485795303848	99.575	1
1485795303848	99.505	4
1485795303848	99.85	10
1485795303848	99.505	24
1485795303848	99.59	15
1485795303848	99.85	7
1485795303848	99.505	7
1485795303848	99.505	1
1485795303848	99.505	8
1485795303848	100.005	4
1485795303848	100.06	13
1485795303849	100.115	17
1485795303849	100.17	9
1485795303849	100.17	2
1485795303849	99.975	3
1485795303849	99.59	23
1485795303849	100.195	14
1485795303849	100.245	1
1485795303849	100.245	19
1485795303849	100.245	8
1485795303849	100.26	1
1485795303849	100.26	1
1485795303849	100.265	9
1485795303849	100.265	3
1485795303849	100.27	11
1485795303849	100.285	2
1485795303850	100.08	16
1485795303850	100.08	2
1485795303850	99.78	2
1485795303850	99.465	17
1485795303850	99.435	7
1485795303850	99.435	11
1485795303850	99.425	4
1485795303850	100.26	11
1485795303850	99.93	8
1485795303853	99.93	8
1485795303854	99.29	18
1485795303854	99.495	10
1485795303854	99.425	1
1485795303854	99.93	11
1485795303854	99.95	8
1485795303855	99.95	13
1485795303855	100.26	8
1485795303856	100.285	4
1485795303856	100.36	1
1485795303856	99.92	7
1485795303856	99.905	14
1485795303856	99.985	13
1485795303856	99.985	13
1485795303857	100.18	10
1485795303857	100.18	6
1485795303857	99.84	4
1485795303857	100.28	14
1485795303857	99.935	17
1485795303857	99.28	6
1485795303857	99.425	3
1485795303857	99.935	7
1485795303857	99.96	2
1485795303857	99.96	3
1485795303857	100.11	8
1485795303858	99.425	1
1485795303858	99.415	25
1485795303858	99.395	3
1485795303858	99.64	17
1485795303858	99.485	5
1485795303858	99.64	3
1485795303858	99.72	6
1485795303858	99.72	3
1485795303858	99.745	4
1485795303858	99.195	14
1485795303858	99.195	6
1485795303859	99.7	13
1485795303859	99.745	13
1485795303859	99.745	2
1485795303859	99.79	5
1485795303859	99.79	4
1485795303859	99.955	7
1485795303859	100.11	5
1485795303859	99.64	7
1485795303859	100.11	11
1485795303859	99.77	13
1485795303860	100.11	1
1485795303860	100.21	15
1485795303860	99.965	7
1485795303860	99.86	6
1485795303860	100.255	17
1485795303860	100.255	2
1485795303860	100.28	7
1485795303860	100.3	3
1485795303860	100.3	10
1485795303860	100.3	5
1485795303861	100.15	16
1485795303861	100.3	3
1485795303861	100.305	17
1485795303861	100.36	6
1485795303861	100.37	2
1485795303861	100.15	3
1485795303861	99.495	24
1485795303861	100.37	24
1485795303861	99.87	23
1485795303861	99.87	3
1485795303861	99.86	4
1485795303861	99.555	12
1485795303862	99.87	2
1485795303862	100.07	10
1485795303862	99.77	12
1485795303862	99.77	5
1485795303862	99.56	16
1485795303862	99.56	7
1485795303862	99.62	21
1485795303862	99.47	3
1485795303862	99.395	15
1485795303862	99.37	3
1485795303862	99.62	2
1485795303863	99.585	11
1485795303863	99.585	8
1485795303863	99.62	2
1485795303863	99.62	2
1485795303863	99.64	3
1485795303863	99.64	12
1485795303863	99.625	12
1485795303863	99.64	4
1485795303863	99.64	10
1485795303863	99.28	4
1485795303863	99.28	6
1485795303863	99.355	15
1485795303864	99.355	9
1485795303864	99.97	13
1485795303864	99.35	16
1485795303864	99.315	10
1485795303864	99.97	6
1485795303864	100.1	8
1485795303864	100.145	15
1485795303864	100.145	7
1485795303864	99.27	22
1485795303864	100.145	6
1485795303864	100.36	5
1485795303864	100.37	2
1485795303864	100.39	10
1485795303865	100.445	4
1485795303865	100.445	6
1485795303865	100.45	8
1485795303865	100.45	6
1485795303865	100.485	3
1485795303865	100.485	2
1485795303865	100.49	12
1485795303865	100.515	5
1485795303865	100.15	12
1485795303865	100.15	10
1485795303865	99.795	5
1485795303865	100.515	21
1485795303865	100.52	4
1485795303865	99.885	18
1485795303866	100.38	20
1485795303866	100.38	5
1485795303866	100.48	15
1485795303866	100.16	14
1485795303866	99.535	8
1485795303866	99.99	12
1485795303866	99.93	8
1485795303866	99.93	1
1485795303866	99.795	2
1485795303866	99.765	2
1485795303866	100.13	1
1485795303866	99.07	11
1485795303866	100.48	3
1485795303866	100.52	2
1485795303866	99.805	12
1485795303867	99.805	5
1485795303867	100.185	7
1485795303867	100.52	3
1485795303867	100.53	12
1485795303867	100.53	7
1485795303867	99.065	8
1485795303867	99.065	5
1485795303867	99.765	15
1485795303867	100.235	16
1485795303867	99.405	18
1485795303867	99.765	7
1485795303867	100.235	3
1485795303867	100.3	9
1485795303868	100.32	12
1485795303868	99.765	2
1485795303868	99.725	14
1485795303868	99.725	9
1485795303868	99.72	4
1485795303868	99.78	19
1485795303869	99.8	2
1485795303869	99.72	3
1485795303869	99.49	10
1485795303869	100.005	12
1485795303869	100.34	14
1485795303869	99.59	14
1485795303869	99.72	13
1485795303869	99.685	1
1485795303869	99.81	18
1485795303872	99.685	14
1485795303872	99.66	11
1485795303874	99.645	1
1485795303874	99.81	6
1485795303874	99.875	5
1485795303874	100.195	9
1485795303874	99.21	29
1485795303874	100.195	14
1485795303874	100.29	25
1485795303874	99.455	7
1485795303874	99.455	5
1485795303874	99.645	12
1485795303877	99.645	6
1485795303877	99.555	10
1485795303877	100.29	1
1485795303877	100.34	3
1485795303877	100.53	8
1485795303877	100.535	9
1485795303877	99.555	14
1485795303877	99.475	1
1485795303877	100.325	8
1485795303877	100.17	16
1485795303877	100.13	6
1485795303878	99.57	12
1485795303878	99.475	1
1485795303878	99.7	6
1485795303878	99.82	6
1485795303878	100.02	7
1485795303878	100.02	18
1485795303878	99.675	12
1485795303878	99.675	3
1485795303878	99.755	24
1485795303878	99.76	1
1485795303879	99.56	11
1485795303879	99.525	5
1485795303879	99.76	18
1485795303879	100.02	4
1485795303879	100.035	4
1485795303879	99.56	10
1485795303879	99.56	26
1485795303879	100.035	3
1485795303879	99.59	7
1485795303879	100.005	6
1485795303879	99.2	17
1485795303879	100.005	2
1485795303880	100.035	1
1485795303880	100.08	5
1485795303880	100.13	7
1485795303880	99.845	10
1485795303880	99.845	3
1485795303880	100.13	2
1485795303880	100.165	15
1485795303880	100.19	7
1485795303880	100.2	1
1485795303880	100.2	9
1485795303880	100.06	14
1485795303880	99.6	15
1485795303880	99.17	2
1485795303881	99.17	23
1485795303881	100.06	10
1485795303881	100.2	4
1485795303881	100.2	4
1485795303881	100.225	15
1485795303881	99.765	2
1485795303881	99.75	3
1485795303881	99.525	7
1485795303881	99.5	7
1485795303881	100.225	10
1485795303881	100.235	1
1485795303881	99.52	7
1485795303882	99.615	15
1485795303882	99.94	6
1485795303882	99.94	12
1485795303882	100.015	9
1485795303882	100.18	5
1485795303882	99.5	5
1485795303882	99.48	15
1485795303882	99.48	1
1485795303882	99.475	5
1485795303882	100.18	18
1485795303882	99.68	5
1485795303882	99.475	2
1485795303882	99.45	5
1485795303883	99.43	16
1485795303883	99.68	5
1485795303883	100.18	1
1485795303883	100.235	19
1485795303883	100.26	2
1485795303883	99.585	12
1485795303883	99.43	3
1485795303883	99.405	21
1485795303883	99.395	1
1485795303883	99.585	2
1485795303883	99.815	16
1485795303883	99.815	1
1485795303884	99.85	9
1485795303884	99.85	9
1485795303884	99.915	9
1485795303884	99.915	3
1485795303884	100.26	5
1485795303884	100.26	17
1485795303884	99.54	3
1485795303884	99.54	16
1485795303885	99.54	1
1485795303885	99.58	6
1485795303885	100.26	8
1485795303885	100.3	2
1485795303885	100.3	10
1485795303885	100.3	7
1485795303885	99.47	20
1485795303886	99.625	7
1485795303886	99.625	1
1485795303886	99.52	10
1485795303886	99.52	13
1485795303886	99.64	8
1485795303887	99.42	24
1485795303887	99.62	16
1485795303887	99.64	2
1485795303887	100.005	11
1485795303887	100.005	7
1485795303888	100.255	22
1485795303889	100.255	6
1485795303889	100.3	1
1485795303889	99.575	16
1485795303889	99.575	9
1485795303889	99.69	4
1485795303889	99.69	23
1485795303889	99.73	2
1485795303889	99.73	20
1485795303889	100.3	2
1485795303889	99.535	10
1485795303889	99.535	19
1485795303889	100.3	3
1485795303890	100.325	8
1485795303890	100.33	9
1485795303890	99.115	11
1485795303890	99.21	12
1485795303890	99.69	1
1485795303890	99.69	17
1485795303890	99.865	2
1485795303890	99.865	7
1485795303890	99.865	13
1485795303890	99.81	8
1485795303890	99.81	9
1485795303890	99.685	5
1485795303890	99.62	8
1485795303890	99.62	11
1485795303891	99.62	9
1485795303891	99.505	5
1485795303891	99.97	11
1485795303891	100.17	5
1485795303891	99.505	7
1485795303891	100.17	18
1485795303891	99.505	17
1485795303891	99.42	2
1485795303891	99.405	3
1485795303891	99.675	8
1485795303891	99.405	8
1485795303891	99.395	17
1485795303891	99.39	2
1485795303891	99.675	8
1485795303891	99.69	9
1485795303892	99.69	12
1485795303892	100.17	1
1485795303892	100.185	10
1485795303892	99.43	12
1485795303892	99.39	5
1485795303892	99.39	5
1485795303892	99.37	17
1485795303892	99.36	2
1485795303892	99.43	4
1485795303892	99.345	17
1485795303892	99.33	6
1485795303892	99.43	11
1485795303892	99.475	11
1485795303892	99.685	13
1485795303892	99.685	10
1485795303892	99.785	18
1485795303892	99.785	9
1485795303893	100.15	12
1485795303893	99.18	14
1485795303893	100.15	16
1485795303893	100.15	1
1485795303893	100.185	11
1485795303893	99.915	14
1485795303893	100.16	14
1485795303893	100.085	5
1485795303893	100.085	7
1485795303893	100.085	14
1485795303893	100.16	10
1485795303893	100.08	6
1485795303893	100.16	1
1485795303893	100.185	8
1485795303894	100.215	3
1485795303894	99.97	16
1485795303894	99.985	6
1485795303894	100.215	19
1485795303894	100.215	6
1485795303894	100.225	4
1485795303894	99.97	3
1485795303894	99.91	7
1485795303894	99.185	5
1485795303894	99.885	2
1485795303894	100.225	3
1485795303894	100.245	20
1485795303894	100.245	1
1485795303894	100.245	7
1485795303894	100.275	13
1485795303894	100.325	5
1485795303894	100.33	2
1485795303895	100.2	15
1485795303895	100.33	18
1485795303895	100.35	3
1485795303895	100.2	4
1485795303895	99.94	8
1485795303895	99.99	10
1485795303895	99.99	11
1485795303895	100.215	10
1485795303895	99.94	4
1485795303895	99.94	19
1485795303895	100.215	8
1485795303895	100.215	2
1485795303895	100.22	5
1485795303895	100.22	15
1485795303895	100.22	8
1485795303895	100.35	5
1485795303896	100.375	9
1485795303896	99.885	8
1485795303896	100.375	15
1485795303896	100.38	6
1485795303896	99.955	16
1485795303896	99.955	9
1485795303896	99.885	7
1485795303896	99.87	12
1485795303896	99.81	3
1485795303896	99.955	2
1485795303896	100.225	11
1485795303896	100.38	3
1485795303896	100.4	4
1485795303896	99.985	5
1485795303896	99.81	9
1485795303896	99.79	10
1485795303896	99.765	7
1485795303896	99.985	20
1485795303897	100.3	6
1485795303897	100.245	4
1485795303897	100.05	20
1485795303897	99.08	9
1485795303897	99.765	8
1485795303897	99.74	3
1485795303897	99.74	22
1485795303897	99.685	5
1485795303897	99.67	6
1485795303897	99.655	1
1485795303897	100.03	10
1485795303897	99.655	10
1485795303897	100.03	9
1485795303897	100.235	7
1485795303897	100.3	5
1485795303897	100.3	6
1485795303897	100.4	3
1485795303897	100.405	8
1485795303898	99.33	12
1485795303898	99.515	11
1485795303898	99.655	1
1485795303898	99.65	10
1485795303898	99.65	10
1485795303898	99.595	9
1485795303898	100.025	10
1485795303898	100.14	19
1485795303898	100.01	13
1485795303898	99.74	6
1485795303898	100.01	6
1485795303898	100.01	5
1485795303898	99.22	5
1485795303899	99.22	7
1485795303899	99.595	4
1485795303899	100.155	21
1485795303899	99.96	6
1485795303899	99.96	1
1485795303899	100.155	7
1485795303899	100.375	14
1485795303899	99.59	21
1485795303899	99.92	25
1485795303899	100.165	1
1485795303899	100.165	5
1485795303899	100.23	12
1485795303899	99.595	6
1485795303899	99.595	9
1485795303899	99.56	21
1485795303899	99.56	6
1485795303900	99.595	1
1485795303900	99.985	14
1485795303900	100.075	6
1485795303900	99.56	2
1485795303900	99.555	14
1485795303900	99.5	2
1485795303900	99.615	10
1485795303900	99.805	2
1485795303900	99.5	20
1485795303900	99.48	3
1485795303900	99.595	11
1485795303900	99.645	13
1485795303900	99.48	16
1485795303901	99.435	1
1485795303901	99.48	12
1485795303901	99.43	10
1485795303901	99.645	16
1485795303901	99.75	2
1485795303901	99.75	13
1485795303901	99.805	12
1485795303901	99.725	15
1485795303901	99.725	8
1485795303901	99.725	6
1485795303902	99.905	11
1485795303902	99.985	1
1485795303902	99.985	21
1485795303902	99.985	2
1485795303902	100.075	12
1485795303902	100.19	14
1485795303902	100.19	15
1485795303902	100.23	7
1485795303903	100.255	3
1485795303903	100.095	15
1485795303903	100.255	21
1485795303903	100.295	8
1485795303903	100.095	3
1485795303904	100.0	6
1485795303905	100.0	12
1485795303906	99.655	12
1485795303906	99.72	8
1485795303906	99.445	15
1485795303906	99.445	3
1485795303906	100.295	7
1485795303906	100.33	2
1485795303906	100.33	15
1485795303906	100.33	7
1485795303906	99.075	7
1485795303906	99.075	19
1485795303906	100.345	5
1485795303906	100.345	5
1485795303907	100.345	6
1485795303907	100.075	5
1485795303907	99.18	20
1485795303907	99.18	6
1485795303907	100.09	3
1485795303907	100.205	3
1485795303907	100.205	13
1485795303907	99.68	26
1485795303907	99.68	3
1485795303907	100.205	9
1485795303907	99.775	11
1485795303907	99.68	5
1485795303908	99.68	14
1485795303908	99.775	12
1485795303908	99.775	4
1485795303908	99.82	18
1485795303908	99.73	22
1485795303908	99.73	3
1485795303908	99.82	10
1485795303908	99.82	1
1485795303908	99.855	16
1485795303908	99.68	6
1485795303908	99.855	8
1485795303908	99.935	12
1485795303910	99.68	1
1485795303910	99.655	5
1485795303911	99.605	19
1485795303911	99.935	9
1485795303911	99.515	18
1485795303911	99.515	8
1485795303911	99.935	3
1485795303911	99.5	16
1485795303911	99.5	6
1485795303911	99.45	12
1485795303911	99.445	8
1485795303911	99.935	3
1485795303911	99.96	17
1485795303911	99.96	12
1485795303911	100.06	11
1485795303911	99.665	5
1485795303912	99.44	13
1485795303912	99.665	8
1485795303912	99.665	7
1485795303912	99.665	5
1485795303912	99.23	7
1485795303912	99.18	18
1485795303912	99.18	1
1485795303912	99.89	19
1485795303912	99.89	5
