1558554297356	100.07	7
1558554297358	99.995	23
1558554297358	99.53	4
1558554297359	99.835	8
1558554297359	99.91	14
1558554297359	99.835	9
1558554297359	99.355	5
1558554297359	99.135	21
1558554297359	99.545	1
1558554297359	99.545	13
1558554297359	99.545	11
1558554297359	99.815	19
1558554297359	99.815	5
1558554297359	100.07	11
1558554297359	100.18	13
1558554297359	100.22	3
1558554297360	99.85	18
1558554297360	99.81	5
1558554297360	99.77	1
1558554297360	99.505	5
1558554297360	99.49	14
1558554297360	99.49	14
1558554297360	99.56	1
1558554297360	99.46	18
1558554297360	99.56	7
1558554297360	99.505	5
1558554297360	99.505	15
1558554297360	99.56	9
1558554297360	99.56	3
1558554297360	99.725	6
1558554297360	99.99	3
1558554297361	99.99	14
1558554297361	99.625	1
1558554297361	99.625	8
1558554297361	99.625	16
1558554297361	99.895	17
1558554297361	99.97	6
1558554297361	99.09	7
1558554297361	99.395	6
1558554297361	99.12	10
1558554297361	99.645	14
1558554297362	99.97	5
1558554297362	100.2	2
1558554297362	100.2	14
1558554297362	100.2	2
1558554297362	100.22	8
1558554297362	99.73	15
1558554297362	99.9	14
1558554297362	100.04	6
1558554297362	100.22	7
1558554297362	99.3	11
1558554297362	99.585	1
1558554297362	99.585	7
1558554297362	100.22	9
1558554297362	100.265	18
1558554297362	100.325	1
1558554297362	99.585	19
1558554297362	99.535	2
1558554297362	99.63	18
1558554297363	100.015	8
1558554297363	100.015	5
1558554297363	100.325	6
1558554297363	100.325	3
1558554297363	100.33	16
1558554297363	100.33	11
1558554297363	100.335	7
1558554297363	100.335	17
1558554297363	100.35	5
1558554297363	99.99	12
1558554297363	100.35	17
1558554297363	100.35	5
1558554297363	100.375	20
1558554297364	100.01	5
1558554297364	100.01	4
1558554297364	100.375	8
1558554297364	100.395	11
1558554297364	99.975	17
1558554297364	99.765	7
1558554297364	99.765	7
1558554297364	99.57	10
1558554297364	99.06	13
1558554297364	99.57	1
1558554297364	99.535	12
1558554297364	99.505	2
1558554297364	99.945	23
1558554297364	99.945	2
1558554297364	99.975	11
1558554297364	100.195	9
1558554297368	100.195	4
1558554297368	100.225	20
1558554297368	100.225	1
1558554297368	100.395	9
1558554297368	100.395	1
1558554297368	100.405	11
1558554297368	99.8	16
1558554297368	99.245	15
1558554297368	99.8	1
1558554297368	99.8	9
1558554297368	99.735	15
1558554297368	99.8	10
1558554297368	99.165	15
1558554297369	99.735	3
1558554297369	99.265	17
1558554297369	99.67	1
1558554297369	99.67	7
1558554297369	99.21	14
1558554297369	99.21	5
1558554297369	99.6	6
1558554297369	100.105	16
1558554297369	100.105	4
1558554297369	100.175	17
1558554297369	100.295	2
1558554297369	100.295	6
1558554297369	100.36	17
1558554297370	100.14	20
1558554297371	99.57	8
1558554297371	100.175	10
1558554297371	99.58	7
1558554297371	99.58	5
1558554297371	99.58	9
1558554297371	100.36	4
1558554297371	99.5	15
1558554297371	100.25	4
1558554297371	100.04	5
1558554297371	100.04	13
1558554297371	100.04	4
1558554297371	100.25	4
1558554297371	100.295	17
1558554297371	100.295	8
1558554297371	100.405	2
1558554297371	100.405	5
1558554297371	100.415	16
1558554297371	99.06	15
1558554297371	99.06	13
1558554297371	100.115	12
1558554297371	99.085	9
1558554297371	99.085	8
1558554297371	100.115	2
1558554297371	100.415	1
1558554297371	100.45	6
1558554297372	100.475	3
1558554297372	99.685	19
1558554297372	99.685	5
1558554297372	99.685	1
1558554297372	99.885	7
1558554297372	99.125	8
1558554297372	99.125	7
1558554297372	100.475	12
1558554297372	100.48	4
1558554297372	99.7	6
1558554297372	99.7	9
1558554297372	100.37	10
1558554297372	99.67	8
1558554297372	99.605	7
1558554297372	99.57	3
1558554297372	99.545	7
1558554297372	99.82	16
1558554297372	99.82	7
1558554297372	100.315	5
1558554297372	99.245	3
1558554297372	99.545	11
1558554297372	99.52	9
1558554297372	99.52	15
1558554297372	99.505	4
1558554297372	99.795	8
1558554297372	100.09	12
1558554297372	100.37	7
1558554297373	100.21	14
1558554297373	100.37	2
1558554297373	100.48	19
1558554297373	99.975	5
1558554297373	99.975	1
1558554297373	100.1	4
1558554297373	99.985	12
1558554297373	99.8	3
1558554297373	100.09	13
1558554297373	99.075	9
1558554297373	100.09	13
1558554297373	100.1	12
1558554297373	99.455	16
1558554297373	99.455	7
1558554297373	99.57	7
1558554297373	100.1	8
1558554297373	100.325	5
1558554297373	100.48	5
1558554297373	99.425	10
1558554297373	99.425	14
1558554297373	99.33	10
1558554297373	99.33	5
1558554297373	99.33	11
1558554297373	100.52	14
1558554297373	99.825	23
1558554297373	100.52	7
1558554297374	100.52	4
1558554297374	100.605	1
1558554297374	99.615	17
1558554297374	99.955	1
1558554297374	99.955	6
1558554297374	99.825	3
1558554297374	99.49	14
1558554297374	99.775	2
1558554297374	99.735	8
1558554297374	99.8	23
1558554297374	99.955	3
1558554297374	99.955	18
1558554297374	100.0	4
1558554297374	100.0	7
1558554297374	100.35	17
1558554297374	100.585	5
1558554297374	99.735	7
1558554297374	100.585	4
1558554297374	100.605	9
1558554297374	100.605	8
1558554297374	100.61	6
1558554297374	100.61	12
1558554297374	100.665	5
1558554297374	99.095	5
1558554297374	99.095	8
1558554297374	100.175	4
1558554297374	99.665	12
1558554297374	100.175	17
1558554297374	100.08	11
1558554297374	100.08	5
1558554297374	99.615	2
1558554297374	99.615	5
1558554297374	100.08	12
1558554297375	100.175	5
1558554297375	100.43	9
1558554297375	99.895	5
1558554297375	99.735	8
1558554297375	99.735	2
1558554297375	99.685	18
1558554297375	99.645	2
1558554297375	99.645	8
1558554297375	99.565	15
1558554297375	100.18	17
1558554297375	100.415	6
1558554297375	100.43	5
1558554297375	99.565	1
1558554297375	99.56	13
1558554297375	100.43	10
1558554297375	100.63	5
1558554297375	99.625	7
1558554297375	99.625	4
1558554297375	100.345	12
1558554297375	100.345	8
1558554297375	100.63	2
1558554297375	99.56	8
1558554297375	99.535	18
1558554297375	100.005	14
1558554297375	99.535	6
1558554297375	99.69	7
1558554297375	100.005	1
1558554297375	100.63	5
1558554297375	100.285	9
1558554297375	100.665	13
1558554297375	100.68	3
1558554297375	99.905	4
1558554297375	99.905	3
1558554297376	100.08	17
1558554297376	100.08	12
1558554297376	100.43	10
1558554297376	100.315	8
1558554297376	99.51	12
1558554297376	99.82	14
1558554297376	99.82	8
1558554297376	99.64	5
1558554297376	99.7	21
1558554297376	99.845	5
1558554297376	99.845	22
1558554297376	100.22	4
1558554297376	100.22	16
1558554297376	100.22	5
1558554297376	99.26	9
1558554297376	99.26	6
1558554297376	100.375	7
1558554297376	100.22	6
1558554297376	99.47	16
1558554297376	99.375	6
1558554297376	99.375	15
1558554297376	99.375	3
1558554297376	99.355	11
1558554297376	99.64	14
1558554297376	99.64	5
1558554297376	99.63	6
1558554297376	99.815	14
1558554297376	99.815	2
1558554297376	100.22	17
1558554297376	100.22	5
1558554297376	100.23	18
1558554297376	100.375	3
1558554297377	100.18	8
1558554297377	100.18	20
1558554297377	99.42	4
1558554297377	99.175	12
1558554297377	99.88	17
1558554297377	99.88	11
1558554297377	99.88	1
1558554297377	99.875	3
1558554297377	99.215	20
1558554297377	100.375	7
1558554297377	99.835	20
1558554297377	99.835	4
1558554297377	99.835	5
1558554297377	100.11	6
1558554297377	99.775	3
1558554297377	99.775	10
1558554297377	100.375	5
1558554297377	100.375	4
1558554297377	100.375	11
1558554297377	100.375	11
1558554297377	99.245	17
1558554297377	99.37	7
1558554297377	99.63	14
1558554297377	100.35	20
1558554297377	100.375	4
1558554297377	100.41	3
1558554297377	99.925	5
1558554297377	99.925	5
1558554297377	99.575	15
1558554297377	99.46	7
1558554297378	99.63	6
1558554297378	99.46	10
1558554297378	99.56	4
1558554297378	99.86	11
1558554297378	99.91	3
1558554297378	99.685	29
1558554297378	99.91	10
1558554297378	99.555	8
1558554297378	99.56	6
1558554297378	99.56	2
1558554297378	99.55	24
1558554297378	99.575	6
1558554297378	99.575	18
1558554297378	99.91	11
1558554297378	99.91	5
1558554297378	99.925	5
1558554297378	99.925	8
1558554297378	99.98	8
1558554297378	100.025	4
1558554297378	99.79	14
1558554297378	100.025	11
1558554297378	99.37	14
1558554297378	99.915	6
1558554297378	100.025	5
1558554297379	99.71	2
1558554297379	99.695	15
1558554297379	99.695	7
1558554297379	99.645	14
1558554297379	100.025	9
1558554297379	100.045	1
1558554297379	100.045	17
1558554297379	100.215	7
1558554297379	99.645	6
1558554297379	99.635	12
1558554297379	99.54	9
1558554297379	100.215	17
1558554297379	100.215	12
1558554297379	99.645	9
1558554297379	99.645	3
1558554297379	100.215	7
1558554297379	100.41	7
1558554297379	100.455	1
1558554297379	99.28	11
1558554297379	99.875	5
1558554297379	99.27	5
1558554297379	99.37	2
1558554297379	99.37	5
1558554297379	99.55	2
1558554297379	99.55	13
1558554297379	99.55	5
1558554297379	99.545	20
1558554297379	99.545	8
1558554297379	99.545	12
1558554297380	99.865	14
1558554297380	99.875	4
1558554297380	99.92	5
1558554297380	99.92	5
1558554297380	100.365	16
1558554297380	100.455	4
1558554297380	99.545	1
1558554297380	99.535	5
1558554297380	100.455	5
1558554297380	100.465	8
1558554297380	100.485	5
1558554297380	99.84	25
1558554297380	99.845	4
1558554297380	99.535	17
1558554297380	99.65	6
1558554297380	99.65	12
1558554297380	99.845	13
1558554297380	99.845	7
1558554297380	99.975	13
1558554297380	100.03	2
1558554297380	100.03	14
1558554297380	100.135	10
1558554297381	100.14	4
1558554297381	100.04	8
1558554297381	99.605	19
1558554297381	99.19	3
1558554297381	99.535	3
1558554297381	99.525	11
1558554297381	99.525	9
1558554297381	99.505	15
1558554297381	99.755	11
1558554297381	99.555	5
1558554297381	100.005	13
1558554297381	100.14	12
1558554297381	100.27	6
1558554297381	100.27	16
1558554297381	100.295	10
1558554297381	100.265	7
1558554297381	100.295	12
1558554297381	100.295	4
1558554297381	100.295	5
1558554297381	100.3	10
1558554297381	100.485	3
1558554297381	100.485	3
1558554297381	100.495	2
1558554297381	100.495	8
1558554297381	99.12	6
1558554297381	100.175	9
1558554297381	100.175	1
1558554297381	100.19	16
1558554297381	100.19	9
1558554297381	100.415	14
1558554297381	100.415	6
1558554297381	100.49	7
1558554297382	100.495	13
1558554297382	99.365	9
1558554297382	100.495	5
1558554297382	100.51	1
1558554297382	99.94	11
1558554297382	99.94	3
1558554297382	100.05	2
1558554297382	100.07	1
1558554297382	100.05	16
1558554297382	100.05	7
1558554297382	100.51	21
1558554297382	100.51	1
1558554297382	100.53	5
1558554297382	100.535	8
1558554297382	99.74	8
1558554297382	99.74	3
1558554297382	100.555	10
1558554297382	100.43	25
1558554297382	100.03	1
1558554297382	99.505	10
1558554297382	99.135	2
1558554297382	99.765	10
1558554297382	100.43	4
1558554297382	100.555	5
1558554297382	99.94	14
1558554297382	100.555	3
1558554297382	100.555	2
1558554297382	100.59	7
1558554297382	100.61	9
1558554297382	100.61	11
1558554297383	100.61	25
1558554297383	99.225	4
1558554297383	100.075	9
1558554297383	99.765	1
1558554297383	99.835	9
1558554297383	100.4	11
1558554297383	99.765	2
1558554297383	99.75	16
1558554297383	99.73	14
1558554297383	99.73	10
1558554297383	99.715	6
1558554297383	99.7	10
1558554297383	99.7	8
1558554297383	99.29	7
1558554297383	99.925	22
1558554297383	99.39	14
1558554297383	99.925	4
1558554297383	99.985	8
1558554297383	100.02	21
1558554297383	100.02	8
1558554297383	100.025	15
1558554297383	100.025	3
1558554297383	100.025	6
1558554297383	100.025	9
1558554297383	99.755	12
1558554297383	100.025	8
1558554297383	100.025	8
1558554297383	100.025	7
1558554297384	100.17	9
1558554297384	100.325	10
1558554297384	100.325	8
1558554297384	100.4	4
1558554297384	99.93	8
1558554297384	99.92	4
1558554297384	99.845	13
1558554297384	99.615	9
1558554297384	99.92	5
1558554297384	99.92	3
1558554297384	99.73	17
1558554297384	99.955	10
1558554297384	99.5	4
1558554297384	99.5	9
1558554297384	99.785	14
1558554297384	99.785	11
1558554297384	100.2	12
1558554297384	100.205	13
1558554297384	99.845	15
1558554297384	100.205	14
1558554297384	100.075	10
1558554297384	100.075	1
1558554297384	99.115	1
1558554297384	99.115	8
1558554297385	100.245	18
1558554297385	100.4	1
1558554297385	100.05	15
1558554297385	99.885	5
1558554297385	99.885	20
1558554297385	99.8	23
1558554297386	99.785	4
1558554297386	99.68	6
1558554297386	99.68	11
1558554297386	99.675	15
1558554297386	99.765	2
1558554297386	99.81	8
1558554297386	100.02	12
1558554297386	100.02	7
1558554297386	99.64	6
1558554297386	99.13	12
1558554297386	99.71	17
1558554297386	99.71	7
1558554297386	99.71	1
1558554297386	100.215	13
1558554297386	100.235	1
1558554297386	99.175	9
1558554297386	99.53	8
1558554297386	99.675	8
1558554297386	99.31	7
1558554297386	99.62	8
1558554297386	99.665	6
1558554297386	100.235	8
1558554297386	100.4	10
1558554297386	100.47	3
1558554297386	100.105	12
1558554297386	100.16	15
1558554297386	99.665	16
1558554297386	99.64	8
1558554297386	100.115	7
1558554297386	100.16	7
1558554297386	100.47	2
1558554297386	100.51	10
1558554297386	99.64	17
1558554297386	99.82	12
1558554297386	99.1	1
1558554297386	99.64	1
1558554297386	99.635	5
1558554297386	99.1	15
1558554297387	100.385	15
1558554297387	100.385	9
1558554297387	99.15	23
1558554297387	99.98	7
1558554297387	99.51	9
1558554297387	99.51	1
1558554297387	99.625	6
1558554297387	99.625	1
1558554297387	99.615	13
1558554297387	100.47	11
1558554297387	100.51	7
1558554297387	100.51	6
1558554297387	100.52	17
1558554297387	100.24	27
1558554297387	100.24	1
1558554297387	100.52	3
1558554297387	100.54	22
1558554297387	99.21	15
1558554297387	99.615	5
1558554297387	100.46	20
1558554297387	100.54	5
1558554297387	99.615	6
1558554297388	99.585	8
1558554297388	100.54	2
1558554297388	100.565	6
1558554297388	99.585	8
1558554297388	99.23	6
1558554297388	100.565	5
1558554297388	100.6	12
1558554297388	100.605	6
1558554297388	100.605	8
1558554297388	99.655	13
1558554297388	100.605	10
1558554297388	100.625	5
1558554297388	100.645	10
1558554297388	99.58	4
1558554297388	99.58	7
1558554297388	99.52	10
1558554297388	100.3	4
1558554297388	100.3	7
1558554297388	99.51	7
1558554297388	99.845	17
1558554297388	99.845	1
1558554297388	100.3	17
1558554297388	100.585	5
1558554297388	100.03	10
1558554297388	100.585	15
1558554297388	99.72	19
1558554297388	99.72	10
1558554297388	100.26	13
1558554297388	100.475	3
1558554297388	100.475	9
1558554297388	99.545	8
1558554297388	99.545	8
1558554297388	99.545	7
1558554297388	99.675	10
1558554297388	99.39	5
1558554297388	99.635	14
1558554297388	99.635	7
1558554297388	99.635	2
1558554297388	99.105	10
1558554297388	99.05	4
1558554297388	99.05	7
1558554297388	99.05	3
1558554297388	99.965	9
1558554297388	99.5	2
1558554297388	99.5	3
1558554297388	100.33	9
1558554297388	99.83	8
1558554297388	99.83	3
1558554297388	99.885	5
1558554297389	99.875	18
1558554297389	99.885	2
1558554297389	99.885	11
1558554297389	100.3	7
1558554297389	100.15	15
1558554297389	100.3	1
1558554297389	99.28	7
1558554297389	99.92	16
1558554297389	99.98	9
1558554297389	99.5	3
1558554297389	99.705	13
1558554297389	99.98	2
1558554297389	100.025	18
1558554297389	100.3	8
1558554297389	99.21	9
1558554297389	99.705	8
1558554297389	100.33	11
1558554297389	100.405	7
1558554297389	100.43	7
1558554297389	99.64	7
1558554297389	100.465	11
1558554297389	100.55	5
1558554297389	100.56	5
1558554297389	99.085	17
1558554297389	99.705	1
1558554297389	99.24	12
1558554297389	99.405	10
1558554297389	99.405	14
1558554297389	99.405	1
1558554297389	100.045	10
1558554297389	100.19	13
1558554297389	99.185	5
1558554297389	99.39	8
1558554297389	99.705	4
1558554297389	99.39	4
1558554297389	100.19	16
1558554297389	99.49	6
1558554297389	99.535	7
1558554297389	99.535	2
1558554297389	99.275	14
1558554297389	99.275	3
1558554297389	99.695	25
1558554297389	99.805	2
1558554297389	99.805	9
1558554297389	99.105	22
1558554297389	99.805	6
1558554297389	99.805	11
1558554297389	100.4	8
1558554297389	100.48	12
1558554297389	100.55	10
1558554297389	100.56	5
1558554297389	100.585	2
1558554297389	100.15	5
1558554297389	100.15	17
1558554297389	100.16	3
1558554297389	100.16	4
1558554297390	99.92	20
1558554297390	99.92	9
1558554297390	99.8	8
1558554297390	99.795	10
1558554297390	100.16	18
1558554297390	99.86	8
1558554297390	99.86	15
1558554297390	100.415	18
1558554297390	100.175	8
1558554297390	100.175	1
1558554297390	99.375	4
1558554297390	99.375	22
1558554297390	99.355	1
1558554297390	99.795	13
1558554297390	99.79	1
1558554297390	99.79	7
1558554297390	99.775	19
1558554297390	100.065	13
1558554297390	99.48	14
1558554297390	99.48	4
1558554297390	99.48	11
1558554297390	99.705	4
1558554297390	99.775	5
1558554297390	99.705	9
1558554297390	99.705	5
1558554297390	100.405	19
1558554297390	99.475	20
1558554297390	99.67	4
1558554297390	99.655	4
1558554297390	99.32	5
1558554297390	99.655	1
1558554297390	100.405	6
1558554297390	100.46	8
1558554297390	99.74	28
1558554297390	99.74	1
1558554297390	100.46	6
1558554297390	100.55	12
1558554297390	100.57	3
1558554297391	99.775	24
1558554297391	100.385	5
1558554297391	100.365	6
1558554297391	100.4	10
1558554297391	100.005	4
1558554297391	100.005	14
1558554297391	99.575	15
1558554297391	99.415	8
1558554297391	100.005	9
1558554297391	100.135	7
